2874
734
846
1827
238
35
2580
2418
2509
3043
2741
1013
2204
1084
339
297
2057
1414
2886
662
1338
2016
172
522
300
1189
2938
1362
3
258
1582
2532
1755
1405
3081
856
915
577
299
435
1622
1601
1565
1220
111
3113
329
639
315
2911
2211
3096
3092
1889
1970
1954
2090
2926
1789
2660
1484
3039
130
1923
1558
1151
2872
452
2635
149
2942
2453
2295
889
2284
2227
878
118
760
1636
292
1426
3063
98
3037
1717
1493
1115
1042
1677
1496
2450
638
2228
2978
2311
510
2151
812
2333
824
1879
379
524
2229
1214
2121
840
2381
2585
2559
354
3058
100
2834
2639
1337
2451
3155
2806
990
3023
2255
1354
2075
143
498
1105
1433
2352
3183
643
2808
2700
2573
1339
1792
40
2804
3148
397
2696
886
1501
2516
266
1736
262
1033
3012
2916
2707
2667
1413
584
1995
1111
1676
1094
1190
750
2166
656
877
1400
1555
2301
1786
290
798
570
645
2235
1476
133
2962
1594
743
1878
2412
2220
246
1747
2659
981
1853
2499
1682
2876
1925
776
2065
2068
1681
802
709
1098
1939
2863
2341
2513
465
2116
1825
1837
1754
1401
1694
2515
225
2081
1844
3027
2079
1194
67
1478
403
651
414
928
2405
1100
3050
371
2537
2974
876
2579
1783
1212
2409
1104
1205
173
2796
1242
2967
1030
437
2716
2592
334
736
791
3007
77
2992
1840
2794
851
1814
