2663
2207
1720
67
2605
2847
1308
20
53
1270
2019
2099
13
1819
2975
1783
1968
2930
1159
2397
332
1170
3121
321
2734
722
2980
2749
1158
1588
2701
1552
2522
563
791
2279
2850
1971
533
2829
3002
1888
1534
1282
460
1869
1851
3035
3020
1715
1636
1172
308
181
1109
1237
543
775
1891
33
305
2901
1994
857
285
2576
1625
2265
2771
1032
1191
129
2160
2415
2774
2425
1882
637
381
2357
2719
2677
2187
1808
3161
995
1594
735
2955
202
1592
812
95
814
594
832
1493
2343
3156
656
2877
706
2822
356
2271
130
426
60
2788
661
54
80
1033
1813
1609
2149
645
225
1866
340
464
1090
1334
666
3004
687
934
87
803
768
1697
2176
3184
351
1398
1487
2295
3049
2036
2226
2
229
237
1016
75
2018
1892
2008
1954
1363
1958
1519
498
763
1846
810
171
2238
825
1662
477
2288
873
2049
262
2125
2365
2179
1862
757
387
663
2874
891
2409
2214
499
1826
2619
1555
2281
430
1428
1456
302
1926
1392
658
2083
1818
2349
64
2754
1774
697
2091
3039
1721
2968
1570
2541
2717
1050
1648
827
354
2299
2528
2757
2981
604
2206
1322
1089
2753
974
797
2068
3187
2191
265
311
1903
2340
644
1748
2907
2960
2307
843
2571
868
794
615
1612
303
429
671
532
3101
2812
2344
2940
3103
1245
530
2007
2691
1915
3112
1490
541
1549
267
1213
1815
713
191
1046
935
2482
1148
1349
851
3050
291
68
2035
2891
475
1676
1099
2137
1047
3060
2525
1653
1596
3125
900
2459
1419
2142
3062
2158
1929
682
432
344
1461
704
1670
1272
1589
309
279
1082
2261
774
1061
1354
2648
1418
183
3145
2043
1220
871
3009
888
253
108
3150
2086
1227
232
2400
1492
1498
1649
2227
2596
2599
2607
2767
2233
2092
1035
1130
3134
1064
1017
2287
1916
1800
1963
2513
1965
454
651
1540
834
2731
1174
1821
2056
909
1240
2629
1408
2966
1801
1680
2493
1162
1464
2766
2277
765
1642
506
1630
2590
393
2621
1081
733
488
2878
2561
1421
3119
1224
1201
1688
1791
1520
3146
1141
1336
2694
3077
918
1373
1065
1134
2881
2992
2996
1441
2710
282
1760
1681
2987
921
2315
352
1776
2615
389
402
150
213
2789
3188
2194
3063
221
1123
3058
2161
1432
86
2159
2614
1176
3102
2815
2993
3149
556
1910
210
504
2921
1474
784
2726
2454
2356
2808
1660
1718
3042
1080
3117
771
520
2684
811
565
567
752
1526
179
1535
1040
3008
1136
3041
391
3087
1000
1031
1087
1423
1955
1691
1369
2201
608
3066
373
2338
1321
496
2219
2956
743
1266
2381
1078
882
1494
1384
1829
1704
1139
854
3182
2509
211
2166
2898
1277
2862
877
338
641
1749
115
707
1617
2082
1463
2002
3163
110
1651
916
1833
251
2620
2123
2316
1928
277
2910
1896
1150
3005
2520
1637
2526
24
2001
2496
511
255
1957
319
660
2351
1581
2140
1225
1217
2919
3015
2916
1970
2880
1135
278
634
35
1995
2470
2421
169
1259
2796
1614
447
88
2336
1943
1516
1980
1219
2275
884
1261
901
1732
59
1151
2885
984
2899
622
1212
756
2531
1579
2633
479
77
724
569
2841
1125
2164
1799
372
1264
2178
2941
1657
193
2312
848
613
2507
2733
2893
1335
205
2867
518
3031
2937
2732
1022
2578
2171
2231
573
749
2414
972
1934
759
2441
2630
109
895
696
1338
1268
670
715
1356
1180
1643
700
739
433
1425
1771
3160
2491
1112
1634
1529
751
2139
1376
2741
294
2040
1303
1472
2152
807
2918
2858
2062
1008
223
823
2553
1284
776
3141
2039
252
257
2499
2033
1196
2813
1731
30
2743
2611
1605
1714
2186
2051
1374
1024
1122
2169
536
2635
2294
2408
2350
1739
2079
540
3030
29
2422
2846
1320
2423
2006
2387
2758
42
782
453
2298
2988
448
1729
1195
1947
1759
2085
2280
301
1010
409
1828
3011
8
4
2335
1665
2805
2925
3115
2799
2825
2655
2198
2458
121
2090
2135
1029
2405
1056
97
1522
1389
2105
837
2962
1218
1325
1769
2352
2239
780
1279
417
1723
2501
1283
558
1205
2203
2341
1962
3089
1250
3137
3092
1485
1842
1802
1296
313
1323
201
1023
1407
777
2100
528
789
1026
166
1076
