1299
2534
566
319
931
2764
1183
1798
2336
2427
1455
121
1030
1019
783
1186
2442
2759
2910
156
785
1053
2616
1478
2339
951
2883
857
2326
2868
1704
514
1663
2599
1013
197
128
3013
860
2728
31
2283
2200
1171
2824
1142
2682
2870
1835
1795
2626
2447
2271
1949
2223
1158
1905
769
1461
2150
1719
449
1475
2425
2898
10
657
36
2502
2787
972
315
314
318
1660
2585
740
1626
344
1250
802
1468
2307
1761
1259
2374
1346
2638
12
1770
2123
915
1356
1872
704
2269
65
69
755
560
86
786
531
1188
2880
2309
1401
825
906
54
369
2897
971
225
2598
2474
2284
1740
2968
819
695
1080
2250
2535
1381
2235
648
1248
2727
1281
363
1536
2676
2043
2705
2206
2935
2518
16
1252
914
1102
2387
2770
1968
