3
35
40
67
77
98
100
111
118
130
133
143
149
172
173
225
238
246
258
262
266
290
292
297
299
300
315
329
334
339
354
371
379
397
403
414
435
437
452
465
498
510
522
524
570
577
584
638
639
643
645
651
656
662
709
734
736
743
750
760
776
791
798
802
812
824
840
846
851
856
876
877
878
886
889
915
928
981
990
1013
1030
1033
1042
1084
1094
1098
1100
1104
1105
1111
1115
1151
1189
1190
1194
1205
1212
1214
1220
1242
1337
1338
1339
1354
1362
1400
1401
1405
1413
1414
1426
1433
1476
1478
1484
1493
1496
1501
1555
1558
1565
1582
1594
1601
1622
1636
1676
1677
1681
1682
1694
1717
1736
1747
1754
1755
1783
1786
1789
1792
1814
1825
1827
1837
1840
1844
1853
1878
1879
1889
1923
1925
1939
1954
1970
1995
2016
2057
2065
2068
2075
2079
2081
2090
2116
2121
2151
2166
2204
2211
2220
2227
2228
2229
2235
2255
2284
2295
2301
2311
2333
2341
2352
2381
2405
2409
2412
2418
2450
2451
2453
2499
2509
2513
2515
2516
2532
2537
2559
2573
2579
2580
2585
2592
2635
2639
2659
2660
2667
2696
2700
2707
2716
2741
2794
2796
2804
2806
2808
2834
2863
2872
2874
2876
2886
2911
2916
2926
2938
2942
2962
2967
2974
2978
2992
3007
3012
3023
3027
3037
3039
3043
3050
3058
3063
3081
3092
3096
3113
3148
3155
3183
