2
4
8
13
20
24
29
30
33
35
42
53
54
59
60
64
67
68
75
77
80
86
87
88
95
97
108
109
110
115
121
129
130
150
166
169
171
179
181
183
191
193
201
202
205
210
211
213
221
223
225
229
232
237
251
252
253
255
257
262
265
267
277
278
279
282
285
291
294
301
302
303
305
308
309
311
313
319
321
332
338
340
344
351
352
354
356
372
373
381
387
389
391
393
402
409
417
426
429
430
432
433
447
448
453
454
460
464
475
477
479
488
496
498
499
504
506
511
518
520
528
530
532
533
536
540
541
543
556
558
563
565
567
569
573
594
604
608
613
615
622
634
637
641
644
645
651
656
658
660
661
663
666
670
671
682
687
696
697
700
704
706
707
713
715
722
724
733
735
739
743
749
751
752
756
757
759
763
765
768
771
774
775
776
777
780
782
784
789
791
794
797
803
807
810
811
812
814
823
825
827
832
834
837
843
848
851
854
857
868
871
873
877
882
884
888
891
895
900
901
909
916
918
921
934
935
972
974
984
995
1000
1008
1010
1016
1017
1022
1023
1024
1026
1029
1031
1032
1033
1035
1040
1046
1047
1050
1056
1061
1064
1065
1076
1078
1080
1081
1082
1087
1089
1090
1099
1109
1112
1122
1123
1125
1130
1134
1135
1136
1139
1141
1148
1150
1151
1158
1159
1162
1170
1172
1174
1176
1180
1191
1195
1196
1201
1205
1212
1213
1217
1218
1219
1220
1224
1225
1227
1237
1240
1245
1250
1259
1261
1264
1266
1268
1270
1272
1277
1279
1282
1283
1284
1296
1303
1308
1320
1321
1322
1323
1325
1334
1335
1336
1338
1349
1354
1356
1363
1369
1373
1374
1376
1384
1389
1392
1398
1407
1408
1418
1419
1421
1423
1425
1428
1432
1441
1456
1461
1463
1464
1472
1474
1485
1487
1490
1492
1493
1494
1498
1516
1519
1520
1522
1526
1529
1534
1535
1540
1549
1552
1555
1570
1579
1581
1588
1589
1592
1594
1596
1605
1609
1612
1614
1617
1625
1630
1634
1636
1637
1642
1643
1648
1649
1651
1653
1657
1660
1662
1665
1670
1676
1680
1681
1688
1691
1697
1704
1714
1715
1718
1720
1721
1723
1729
1731
1732
1739
1748
1749
1759
1760
1769
1771
1774
1776
1783
1791
1799
1800
1801
1802
1808
1813
1815
1818
1819
1821
1826
1828
1829
1833
1842
1846
1851
1862
1866
1869
1882
1888
1891
1892
1896
1903
1910
1915
1916
1926
1928
1929
1934
1943
1947
1954
1955
1957
1958
1962
1963
1965
1968
1970
1971
1980
1994
1995
2001
2002
2006
2007
2008
2018
2019
2033
2035
2036
2039
2040
2043
2049
2051
2056
2062
2068
2079
2082
2083
2085
2086
2090
2091
2092
2099
2100
2105
2123
2125
2135
2137
2139
2140
2142
2149
2152
2158
2159
2160
2161
2164
2166
2169
2171
2176
2178
2179
2186
2187
2191
2194
2198
2201
2203
2206
2207
2214
2219
2226
2227
2231
2233
2238
2239
2261
2265
2271
2275
2277
2279
2280
2281
2287
2288
2294
2295
2298
2299
2307
2312
2315
2316
2335
2336
2338
2340
2341
2343
2344
2349
2350
2351
2352
2356
2357
2365
2381
2387
2397
2400
2405
2408
2409
2414
2415
2421
2422
2423
2425
2441
2454
2458
2459
2470
2482
2491
2493
2496
2499
2501
2507
2509
2513
2520
2522
2525
2526
2528
2531
2541
2553
2561
2571
2576
2578
2590
2596
2599
2605
2607
2611
2614
2615
2619
2620
2621
2629
2630
2633
2635
2648
2655
2663
2677
2684
2691
2694
2701
2710
2717
2719
2726
2731
2732
2733
2734
2741
2743
2749
2753
2754
2757
2758
2766
2767
2771
2774
2788
2789
2796
2799
2805
2808
2812
2813
2815
2822
2825
2829
2841
2846
2847
2850
2858
2862
2867
2874
2877
2878
2880
2881
2885
2891
2893
2898
2899
2901
2907
2910
2916
2918
2919
2921
2925
2930
2937
2940
2941
2955
2956
2960
2962
2966
2968
2975
2980
2981
2987
2988
2992
2993
2996
3002
3004
3005
3008
3009
3011
3015
3020
3030
3031
3035
3039
3041
3042
3049
3050
3058
3060
3062
3063
3066
3077
3087
3089
3092
3101
3102
3103
3112
3115
3117
3119
3121
3125
3134
3137
3141
3145
3146
3149
3150
3156
3160
3161
3163
3182
3184
3187
3188
