358
209
1207
2724
1436
2504
288
3254
859
272
1459
2483
237
1258
244
2891
2270
1601
3044
663
1801
899
987
299
935
1606
1630
2063
1001
2553
3055
2702
620
1492
2771
1216
382
1772
1742
189
1470
942
2427
1713
177
1295
1124
462
375
1722
1096
877
2755
1064
1474
1376
1014
2968
3138
3205
371
464
1839
2842
1986
983
1326
3140
1984
3220
809
2146
1941
1119
1357
823
1442
1132
2013
3039
1488
2002
1746
1038
1290
1685
1037
1189
2786
604
2666
518
2098
806
840
3145
1249
438
682
660
1775
1682
1903
3278
2379
1358
1402
497
1428
629
2294
3078
781
1784
561
275
2368
577
1311
2522
1434
13
3230
2721
1351
184
2065
257
2769
746
2290
2580
2716
97
2587
2134
3280
2763
2319
863
1681
548
2246
3049
1571
1933
3288
860
24
3279
1799
2950
2680
3111
943
612
2489
2670
1138
2302
1625
992
1208
