13
24
97
177
184
189
209
237
244
257
272
275
288
299
358
371
375
382
438
462
464
497
518
548
561
577
604
612
620
629
660
663
682
746
781
806
809
823
840
859
860
863
877
899
935
942
943
983
987
992
1001
1014
1037
1038
1064
1096
1119
1124
1132
1138
1189
1207
1208
1216
1249
1258
1290
1295
1311
1326
1351
1357
1358
1376
1402
1428
1434
1436
1442
1459
1470
1474
1488
1492
1571
1601
1606
1625
1630
1681
1682
1685
1713
1722
1742
1746
1772
1775
1784
1799
1801
1839
1903
1933
1941
1984
1986
2002
2013
2063
2065
2098
2134
2146
2246
2270
2290
2294
2302
2319
2368
2379
2427
2483
2489
2504
2522
2553
2580
2587
2666
2670
2680
2702
2716
2721
2724
2755
2763
2769
2771
2786
2842
2891
2950
2968
3039
3044
3049
3055
3078
3111
3138
3140
3145
3205
3220
3230
3254
3278
3279
3280
3288
