10
12
16
31
36
54
65
69
86
121
128
156
197
225
314
315
318
319
344
363
369
449
514
531
560
566
648
657
695
704
740
755
769
783
785
786
802
819
825
857
860
906
914
915
931
951
971
972
1013
1019
1030
1053
1080
1102
1142
1158
1171
1183
1186
1188
1248
1250
1252
1259
1281
1299
1346
1356
1381
1401
1455
1461
1468
1475
1478
1536
1626
1660
1663
1704
1719
1740
1761
1770
1795
1798
1835
1872
1905
1949
1968
2043
2123
2150
2200
2206
2223
2235
2250
2269
2271
2283
2284
2307
2309
2326
2336
2339
2374
2387
2425
2427
2442
2447
2474
2502
2518
2534
2535
2585
2598
2599
2616
2626
2638
2676
2682
2705
2727
2728
2759
2764
2770
2787
2824
2868
2870
2880
2883
2897
2898
2910
2935
2968
3013
